25.0000,1.6865,-7.6889,0.9559,-6.1893
105.0000,2.0772,-5.4206,-7.0147,-8.8989
94.0000,5.7137,6.0100,4.9253,-9.7766
73.0000,-8.4803,-4.3828,8.2990,-8.5910
90.0000,-4.7779,0.2946,-6.7949,-9.6996
117.0000,5.8755,-7.0823,9.2227,3.2309
50.0000,5.2888,-9.3173,8.0935,2.8664
39.0000,4.7417,-8.8086,9.7648,3.7701
15.0000,-1.6683,-7.8109,-6.9507,-7.7664
47.0000,1.5113,-9.7745,0.5272,-8.1318
36.0000,1.8346,3.0348,-0.1648,-4.3878
75.0000,-4.7378,0.2027,-6.1322,-7.7081
13.0000,6.1665,-8.5972,9.6741,3.8565
8.0000,-8.1938,-4.1389,9.2510,-8.5334
128.0000,2.6934,-7.8107,1.5515,-7.7911
127.0000,-2.3816,-5.4453,-7.5792,-7.2343
44.0000,-5.5485,-0.0751,-5.7035,-9.1938
29.0000,-3.9462,-0.0004,-5.4811,-8.4599
85.0000,2.5611,1.3821,0.4084,-4.2030
26.0000,3.9709,-7.8149,8.4220,3.3562
33.0000,-0.5582,3.1999,-1.0466,-3.8535
99.0000,-0.2785,-8.6763,2.5334,-5.3152
34.0000,2.8172,0.4109,1.9240,-5.0419
3.0000,5.6665,-8.5002,11.2206,3.3150
62.0000,5.5478,6.1753,5.2832,-11.0146
42.0000,-1.5022,-8.1060,-7.6350,-8.8371
96.0000,6.4779,-8.3141,9.1207,5.3722
70.0000,-9.5572,-1.4381,7.7859,-8.1524
30.0000,-8.8426,-3.5549,10.8647,-9.5581
142.0000,-4.3553,1.9067,-7.4467,-9.8727
86.0000,0.0959,2.4013,-0.1589,-5.2452
83.0000,-0.3465,-7.6530,-8.8485,-8.2383
135.0000,-8.5836,-3.4836,10.5137,-9.5296
60.0000,4.7973,-9.2982,10.1186,4.5681
109.0000,6.6240,7.0339,7.4988,-7.3980
93.0000,6.1122,4.4642,4.9801,-10.7561
104.0000,-9.1588,-1.9438,8.8491,-9.1766
38.0000,6.0323,7.0917,7.7473,-10.1837
88.0000,2.5839,3.4555,0.3299,-3.8713
146.0000,0.7814,-8.5762,1.4924,-8.1587
10.0000,-4.8175,-0.1694,-6.4000,-8.5218
16.0000,-4.0818,0.9167,-5.2150,-8.6484
61.0000,4.3910,6.4613,5.4235,-9.6922
2.0000,2.1842,-8.6191,0.4615,-7.1538
24.0000,5.1000,-7.8141,8.0706,2.0600
134.0000,-3.2460,-8.0491,-6.8628,-8.4265
81.0000,-0.9094,-6.3215,-5.8390,-11.0275
76.0000,-9.0556,-5.2570,11.6111,-8.5169
54.0000,-9.0972,-2.3380,8.3913,-9.3909
72.0000,2.2061,-6.7314,2.3602,-6.9457
136.0000,2.0257,-8.8823,0.1712,-6.8796
18.0000,-3.0831,0.2971,-5.0967,-8.6094
71.0000,5.6582,-9.4775,8.9213,2.9901
129.0000,-11.2180,-2.9175,8.6368,-10.1594
63.0000,-3.1653,-6.9615,-7.2696,-8.7052
114.0000,6.7186,7.7671,6.1991,-9.7385
108.0000,-5.7099,-0.2093,-5.6107,-6.8231
98.0000,-0.1402,2.6601,-0.2995,-4.3183
107.0000,6.6073,-8.9485,9.3678,2.1882
49.0000,-10.5992,-3.1279,9.9743,-7.7449
35.0000,-3.4974,1.2270,-5.6653,-9.3177
116.0000,2.4270,2.3756,-0.5480,-4.4112
141.0000,2.1754,-7.0383,0.7913,-7.6851
6.0000,1.7732,-10.4856,0.8102,-6.7197
48.0000,5.5164,7.8421,7.6282,-8.1492
126.0000,-10.2717,-2.5644,8.0886,-8.4780
100.0000,4.8784,7.6650,6.7173,-7.9312
124.0000,-4.2535,2.6640,-5.0242,-8.5655
22.0000,5.5491,6.9055,6.5312,-8.5102
87.0000,1.9175,1.2779,-1.6426,-5.5604
132.0000,3.9969,7.0175,7.0238,-9.6383
84.0000,-9.7675,-1.7683,9.7471,-10.2749
11.0000,1.8710,1.4581,0.8770,-4.9410
14.0000,-9.1531,-3.7103,9.9768,-9.5403
27.0000,0.4774,2.6136,1.2214,-3.7531
66.0000,5.8567,-8.2475,10.1323,4.4301
91.0000,0.1615,1.0673,0.9595,-4.1405
4.0000,-10.0500,-3.0433,8.3606,-7.9029
51.0000,-3.3315,1.1677,-6.7106,-7.1176
120.0000,-0.8999,-6.5191,-7.8968,-6.9294
59.0000,9.3096,5.3681,5.7454,-10.2137
80.0000,6.6384,5.4984,7.8602,-10.9913
28.0000,-1.1108,-8.7948,-7.8367,-9.9984
131.0000,-3.9800,-0.0824,-5.6119,-8.5428
121.0000,2.8051,-7.0469,-0.4855,-6.2283
68.0000,-10.2517,-2.5520,9.2112,-9.3931
139.0000,1.7663,-11.3371,-0.2651,-6.3604
110.0000,4.4531,7.3592,5.7468,-9.0401
97.0000,-1.8476,-5.8374,-7.2654,-10.7840
125.0000,2.1805,1.4340,-2.2321,-3.4325
46.0000,-2.6044,-6.0178,-4.7573,-7.2547
45.0000,-9.7919,-2.1496,8.7731,-8.4227
130.0000,4.5233,7.7720,7.2917,-11.1923
55.0000,4.8798,-9.3069,10.7902,2.5135
102.0000,0.2677,-8.8716,-6.3086,-8.9517
56.0000,5.0728,-7.9374,10.1604,3.0234
67.0000,-5.0836,1.0798,-3.2985,-9.8501
65.0000,1.1132,-8.1769,0.3352,-7.3316
1.0000,1.9191,1.6894,-0.3979,-4.8741
118.0000,-10.3510,-1.7170,8.3916,-8.2260
53.0000,5.4478,-8.4009,10.7575,2.8143
17.0000,-9.2576,-3.0071,8.9331,-9.1208
92.0000,6.2560,7.6852,6.8636,-9.5978
52.0000,-0.4007,-6.8953,-6.9825,-8.7740
115.0000,-11.9779,-2.9999,9.7578,-8.8949
140.0000,1.6243,2.5353,-0.7149,-2.1037
78.0000,-3.5842,0.6953,-3.4488,-8.0310
37.0000,1.4142,2.4573,-0.4926,-5.0819
101.0000,5.7911,-9.8880,8.7350,1.8922
119.0000,-2.7706,-7.3218,-7.3038,-9.6728
145.0000,-0.0863,1.3353,0.4343,-3.6324
69.0000,6.1452,-7.2418,8.8285,1.8125
137.0000,1.4801,2.5438,-0.5670,-4.2548
7.0000,-4.0494,-0.4284,-5.2354,-8.7620
122.0000,4.7320,5.4455,6.3550,-9.6923
79.0000,1.0392,-5.9891,-7.7777,-7.2348
82.0000,-0.2109,-7.7237,-7.2537,-8.3075
20.0000,-4.3315,2.8276,-6.3238,-8.3544
58.0000,2.2697,-9.2935,1.8856,-7.4653
19.0000,0.6028,-7.7988,0.0918,-6.6530
138.0000,6.2607,6.7933,6.9635,-10.6519
77.0000,6.3863,5.8404,6.0238,-8.5403
74.0000,-1.0192,-8.8485,-6.6861,-7.7548
113.0000,-2.9875,-0.3717,-5.9251,-9.2234
32.0000,-2.7586,-1.3523,-6.4012,-8.5976
21.0000,4.7150,-8.7536,9.2003,4.1615
64.0000,1.1423,-7.6692,0.8004,-7.4099
123.0000,-4.5166,-0.5830,-7.3842,-10.3057
149.0000,-9.0147,-2.4556,7.1566,-9.2815
133.0000,6.3304,8.3822,7.1009,-8.3466
148.0000,5.3291,-10.6332,8.8378,3.8374
31.0000,1.0001,-8.3301,0.6204,-8.2845
23.0000,3.9646,8.8979,7.5772,-8.6726
95.0000,-3.7362,-6.7914,-9.0520,-8.7675
57.0000,-3.9323,1.4106,-5.6322,-9.4659
112.0000,-8.6764,-3.1145,7.7554,-8.6717
103.0000,6.6942,-7.8402,10.9734,3.8531
143.0000,-4.3604,-0.5513,-5.6351,-10.0510
12.0000,2.5532,0.4881,-0.3601,-2.7118
43.0000,-1.2277,-6.6233,-6.5246,-8.3795
144.0000,0.1339,-5.7506,-0.0209,-5.7268
89.0000,1.5007,4.5435,-1.4562,-3.2241
41.0000,-0.8899,3.2970,0.4476,-5.0526
111.0000,-3.0849,-6.7924,-5.5485,-10.9182
9.0000,-8.5081,-2.0653,8.4560,-8.0851
0.0000,5.6713,-7.8596,9.0821,3.9926
147.0000,2.6141,-8.0157,0.9061,-6.0822
5.0000,0.9371,-9.1084,1.6948,-7.4301
106.0000,1.1660,1.9467,-0.6983,-3.5635
40.0000,1.1557,-7.4658,2.7489,-6.0235
